4294967279,347
36,11
36,10
36,9
36,8
42,7
42,6
42,5
42,4
42,3
42,2
42,1
4294967294,1446
4294967294,2177
41,6
41,5
41,4
41,3
41,2
41,1
40,6
40,5
40,4
40,3
40,2
40,1
39,4
39,3
39,2
39,1
38,4
38,3
38,2
38,1
37,6
37,5
37,4
37,3
37,2
37,1
36,7
36,6
36,5
36,4
36,3
36,2
36,1
35,4
35,3
35,2
35,1
4294967279,346
4294967294,797
4294967294,1142
4294967279,345
4294967279,344
4294967278,410
28,11
28,10
28,9
28,8
34,7
34,6
34,5
34,4
34,3
34,2
34,1
4294967294,2176
33,6
33,5
33,4
33,3
33,2
33,1
32,6
32,5
32,4
32,3
32,2
32,1
31,4
31,3
31,2
31,1
30,4
30,3
30,2
30,1
4294967278,405
29,6
29,5
29,4
29,3
29,2
29,1
4294967279,343
28,7
28,6
28,5
28,4
28,3
28,2
28,1
27,4
27,3
27,2
27,1
4294967278,404
4294967279,342
26,7
26,6
26,5
26,4
26,3
26,2
26,1
25,6
25,5
25,4
25,3
25,2
25,1
24,6
24,5
24,4
24,3
24,2
24,1
23,4
23,3
23,2
23,1
22,4
22,3
22,2
22,1
21,6
21,5
21,4
21,3
21,2
21,1
20,6
20,5
20,4
20,3
20,2
20,1
19,4
19,3
19,2
19,1
4294967294,1536
4294967278,403
4294967293,131
4294967293,130
4294967293,129
4294967293,128
4294967293,127
4294967293,126
4294967293,125
4294967293,124
4294967293,123
4294967293,122
4294967293,121
4294967293,120
4294967293,119
4294967293,118
4294967293,117
4294967293,116
4294967293,115
4294967293,114
4294967293,113
4294967293,112
4294967293,111
4294967293,110
4294967293,109
4294967293,108
4294967293,107
4294967293,106
4294967293,105
4294967293,104
4294967293,103
4294967293,102
4294967293,101
4294967293,100
4294967293,99
4294967293,98
4294967293,97
4294967293,96
4294967293,95
4294967293,94
4294967293,93
4294967293,92
4294967293,91
4294967293,90
4294967293,89
4294967293,88
4294967293,87
4294967293,86
4294967293,85
4294967293,84
4294967293,83
4294967293,82
4294967293,81
4294967293,80
4294967293,79
4294967293,78
4294967293,77
4294967293,76
4294967293,75
4294967293,74
4294967293,73
4294967293,72
4294967293,71
4294967293,70
4294967293,69
4294967293,68
4294967293,67
4294967293,66
4294967293,65
4294967293,64
4294967293,63
4294967293,62
4294967293,61
4294967293,60
4294967293,59
4294967293,58
4294967293,57
4294967293,56
4294967293,55
4294967293,54
4294967293,53
4294967293,52
4294967293,51
4294967293,50
4294967293,49
4294967293,48
4294967293,47
4294967293,46
4294967293,45
4294967293,44
4294967293,43
4294967293,42
4294967293,41
4294967293,40
4294967293,39
4294967293,38
4294967293,37
4294967293,36
4294967293,35
4294967293,34
4294967293,33
4294967293,32
4294967293,31
4294967293,30
4294967293,29
4294967293,28
4294967293,27
4294967293,26
4294967293,25
4294967293,24
4294967293,23
4294967293,22
4294967293,21
4294967293,20
4294967293,19
4294967293,18
4294967293,17
4294967293,16
4294967293,15
4294967293,14
4294967293,13
4294967293,12
4294967293,11
4294967293,10
4294967293,9
4294967293,8
4294967293,7
4294967293,6
4294967293,5
4294967293,4
4294967293,3
4294967293,2
4243767290,0
4243767289,0
4243767288,0
4243767287,0
4243767286,0
4243767285,0
4243767284,0
4243767283,0
4243767282,0
4243767281,0
4294967293,0
4294967279,85
4294967279,86
4294967279,84
4294967279,425
4294967279,424
4294967279,426
4294967279,201
4294967279,202
4294967279,203
4294967279,427
4294967279,87
4294967279,89
4294967279,90
4294967279,204
4294967279,428
4294967279,429
4294967279,321
4294967279,205
4294967279,206
4294967279,207
4294967279,91
4294967279,92
4294967279,93
4294967279,94
4294967279,322
4294967279,433
4294967279,432
4294967279,434
4294967279,208
4294967279,209
4294967279,210
4294967279,211
4294967279,95
4294967279,96
4294967279,97
4294967279,98
4294967279,436
4294967279,323
4294967279,212
4294967279,280
4294967279,213
4294967279,214
4294967279,215
4294967279,99
4294967279,100
4294967279,101
4294967279,102
4294967279,219
4294967279,216
4294967279,225
4294967279,471
4294967279,103
4294967279,218
4294967279,220
4294967279,224
4294967279,222
4294967279,104
4294967279,105
4294967279,106
